0 0
1 0.72287
2 0.45086
3 0.57404
4 0.39396
5 0.55396
6 0.33483
7 0.30147
8 0.4513
9 0.77075
10 0.27773
11 0.73566
12 0.39389
13 0.050614
14 0.39166
15 0.68946
16 0.82147
17 0.53998
18 0.68976
19 0.70747
20 0.24699
21 0.19791
22 0.30708
23 0.48213
24 0.19268
25 0.68746
26 0.021702
27 0.74438
28 0.43816
29 0.87258
30 0.77303
31 0.61163
32 0.42301
33 0.32587
34 0.80663
35 0.1078
36 0.63169
39 0.2273
40 0.1666
43 0.12083
44 0.28928
45 0.648
46 0.68375
47 0.79017
48 0.68988
49 0.26994
50 0.14823
51 0.78309
52 0.73339
53 0.44749
54 0.48574
55 0.22587
56 0.66735
57 0.41493
58 0.86799
59 0.53798
60 0.11108
61 0.12965
62 0.67632
63 0.51252
64 0.43887
65 0.46915
66 0.92391
67 0.44832
68 0.56163
69 0.36457
70 0.57938
79 0.32265
80 0.60527
81 0.46881
82 0.92945
83 0.85917
84 0.44432
85 0.6351
86 0.38716
87 0.21313
88 0.55592
89 0.2378
90 0.48483
