0 0
1 0.78944
2 0.88556
3 0.69126
4 0.0033114
5 0.29234
6 0.54185
7 0.14187
8 0.26425
9 0.62439
10 0.34536
11 0.97876
12 0.28785
13 0.093026
14 0.50559
15 0.96223
16 0.92215
17 0.53111
18 0.4651
19 0.96777
20 0.062923
21 0.38811
22 0.50731
23 0.31889
24 0.21325
25 0.68519
26 0.043387
27 0.90152
28 0.71801
29 0.93315
30 0.61776
31 0.90784
32 0.76606
33 0.091968
34 0.96215
35 0.001967
36 0.83189
39 0.094173
40 0.028574
43 0.15604
44 0.42507
45 0.6208
46 0.39957
47 0.60675
48 0.62995
49 0.36282
50 0.15321
51 0.9605
52 0.51127
53 0.89487
54 0.85356
55 0.31129
56 0.42086
57 0.60832
58 0.85913
59 0.68774
60 0.17477
61 0.10537
62 0.51546
63 0.072355
64 0.32489
65 0.085604
66 0.95633
67 0.75023
68 0.24235
69 0.62202
70 0.17879
79 0.59377
80 0.88594
81 0.78609
82 0.96787
83 0.85374
84 0.82561
85 0.74207
86 0.13482
87 0.39664
88 0.45205
89 0.33519
90 0.93086
