0 0
1 0.65631
2 0.01615
3 0.45682
4 0.78461
5 0.81558
6 0.1278
7 0.46107
8 0.63834
9 0.91711
10 0.2101
11 0.49255
12 0.49993
13 0.0082026
14 0.27774
15 0.41669
16 0.72078
17 0.54886
18 0.91442
19 0.44716
20 0.43105
21 0.0077189
22 0.10686
23 0.64537
24 0.1721
25 0.68973
26 1.7614e-05
27 0.58724
28 0.15831
29 0.81202
30 0.92831
31 0.31542
32 0.079967
33 0.55977
34 0.65111
35 0.21363
36 0.43149
39 0.36043
40 0.30462
43 0.08563
44 0.15349
45 0.67521
46 0.96794
47 0.97359
48 0.74981
49 0.17705
50 0.14325
51 0.60568
52 0.9555
53 0.00010553
54 0.11791
55 0.14045
56 0.91384
57 0.22153
58 0.87685
59 0.38823
60 0.047382
61 0.15393
62 0.83718
63 0.95269
64 0.55284
65 0.8527
66 0.8915
67 0.14641
68 0.88092
69 0.10712
70 0.97998
79 0.051518
80 0.32459
81 0.15154
82 0.89103
83 0.8646
84 0.063025
85 0.52813
86 0.6395
87 0.029624
88 0.65978
89 0.14041
90 0.0388
