0 0
1 0.68139
2 0.19411
3 0.59387
4 0.22577
5 0.54191
6 0.35367
7 0.46142
8 0.2566
9 0.82723
10 0.38059
11 0.36009
12 0.73135
13 0.14846
14 0.58839
15 0.21075
16 0.68559
17 0.19051
18 0.78796
19 0.40062
20 0.54845
21 0.031522
22 0.30738
23 0.18385
24 0.6853
25 0.73289
26 0.30442
27 0.59483
28 0.5717
29 0.28553
30 0.7043
31 0.56438
32 0.17273
33 0.42513
34 0.38627
35 0.20386
36 0.54502
39 0.48408
40 0.4471
43 0.85563
44 0.46811
45 0.76349
46 0.55566
47 0.77941
48 0.51104
49 0.54387
50 0.72693
51 0.455
52 0.097572
53 0.79348
54 0.46728
55 0.95171
56 0.31409
57 0.67884
58 0.41295
59 0.292
60 0.55353
61 0.79752
62 0.45889
63 0.38212
64 0.37333
65 0.5837
66 0.76102
67 0.4398
68 0.61444
69 0.43964
70 0.40395
79 0.11891
80 0.51296
81 0.099441
82 0.43009
83 0.055674
84 0.54484
85 0.4653
86 0.46719
87 0.89091
88 0.40396
89 0.65141
90 0.52284
