0 0
1 0.39048
2 0.1278
3 0.60471
4 0.10166
5 0.086894
6 0.64582
7 0.060586
8 0.30273
9 0.83798
10 0.35454
11 0.60098
12 0.48145
13 0.16037
14 0.54897
15 0.41335
16 0.71215
17 0.060939
18 0.67359
19 0.27107
20 0.67913
21 0.063007
22 0.26514
23 0.049914
24 0.62367
25 0.69232
26 0.20208
27 0.25752
28 0.39351
29 0.1365
30 0.41938
31 0.25354
32 0.14059
33 0.64259
34 0.7688
35 0.37341
36 0.6939
39 0.095658
40 0.35057
43 0.96642
44 0.71445
45 0.53342
46 0.56815
47 0.86066
48 0.96694
49 0.2596
50 0.60111
51 0.71231
52 0.039144
53 0.96089
54 0.89826
55 0.91894
56 0.59583
57 0.56661
58 0.42677
59 0.016818
60 0.55987
61 0.75125
62 0.20487
63 0.15103
64 0.19297
65 0.38753
66 0.61527
67 0.7593
68 0.59654
69 0.71912
70 0.33253
79 0.23077
80 0.29584
81 0.048198
82 0.050079
83 0.018199
84 0.21982
85 0.7026
86 0.87012
87 0.82883
88 0.0097447
89 0.67632
90 0.32069
