0 0
1 0.97231
2 0.26042
3 0.58304
4 0.34989
5 0.99693
6 0.061516
7 0.86226
8 0.21047
9 0.81648
10 0.40664
11 0.11919
12 0.98125
13 0.13655
14 0.62781
15 0.0081501
16 0.65902
17 0.32008
18 0.90233
19 0.53016
20 0.41777
21 3.7755e-05
22 0.34961
23 0.31779
24 0.74692
25 0.77345
26 0.40676
27 0.93214
28 0.74989
29 0.43457
30 0.98922
31 0.87523
32 0.20486
33 0.20767
34 0.0037491
35 0.034308
36 0.39613
39 0.8725
40 0.54363
43 0.74484
44 0.22177
45 0.99355
46 0.54316
47 0.69817
48 0.055148
49 0.82815
50 0.85275
51 0.19768
52 0.156
53 0.62607
54 0.036309
55 0.98448
56 0.032346
57 0.79108
58 0.39912
59 0.56718
60 0.5472
61 0.84379
62 0.71291
63 0.61321
64 0.55369
65 0.77988
66 0.90677
67 0.1203
68 0.63234
69 0.16015
70 0.47537
79 0.0070561
80 0.73008
81 0.15069
82 0.8101
83 0.093148
84 0.86987
85 0.22799
86 0.064269
87 0.953
88 0.79818
89 0.62649
90 0.72499
